0.15000000596046448
0.1899999976158142
0.2566666603088379
0.28333333134651184
0.273333340883255
0.27666667103767395
0.2933333218097687
0.24666666984558105
0.34333333373069763
0.30000001192092896
0.3233333230018616
0.36000001430511475
0.41333332657814026
0.3566666543483734
0.3400000035762787
0.3333333432674408
0.36666667461395264
0.4300000071525574
0.3633333444595337
0.44333332777023315
0.44999998807907104
0.44333332777023315
0.4466666579246521
0.4466666579246521
0.4566666781902313
0.49000000953674316
0.4866666793823242
0.4833333194255829
0.4633333384990692
0.5299999713897705
0.5133333206176758
0.5766666531562805
0.5366666913032532
0.4933333396911621
0.550000011920929
0.5266666412353516
0.5199999809265137
0.5099999904632568
0.5866666436195374
0.5366666913032532
0.5899999737739563
0.5433333516120911
0.5633333325386047
0.6066666841506958
0.6333333253860474
0.5600000023841858
0.596666693687439
0.6566666960716248
0.596666693687439
0.6200000047683716
0.6266666650772095
0.6333333253860474
0.6666666865348816
0.6966666579246521
0.6700000166893005
0.7099999785423279
0.6733333468437195
0.7400000095367432
0.7166666388511658
0.6700000166893005
0.6899999976158142
0.7133333086967468
0.7400000095367432
0.7233333587646484
0.7266666889190674
0.7599999904632568
0.7099999785423279
0.6666666865348816
0.7266666889190674
0.6733333468437195
0.7233333587646484
0.7766666412353516
0.753333330154419
0.7599999904632568
0.7633333206176758
0.7566666603088379
0.8533333539962769
0.800000011920929
0.8033333420753479
0.8233333230018616
0.7599999904632568
0.800000011920929
0.8266666531562805
0.79666668176651
0.8199999928474426
0.8266666531562805
0.8299999833106995
0.7933333516120911
0.7866666913032532
0.8366666436195374
0.8166666626930237
0.8100000023841858
0.8399999737739563
0.8100000023841858
0.8433333039283752
0.8399999737739563
0.8433333039283752
0.8600000143051147
0.7900000214576721
0.8600000143051147
0.8700000047683716
0.8033333420753479
0.8600000143051147
0.8366666436195374
0.8333333134651184
0.8700000047683716
0.8733333349227905
0.8600000143051147
0.8233333230018616
0.8566666841506958
0.8566666841506958
0.8533333539962769
0.8799999952316284
0.8899999856948853
0.8566666841506958
0.8533333539962769
0.8766666650772095
0.8433333039283752
0.9066666960716248
0.8733333349227905
0.8799999952316284
0.8766666650772095
0.9166666865348816
0.8700000047683716
0.9200000166893005
0.8666666746139526
0.8233333230018616
0.8999999761581421
0.903333306312561
0.8533333539962769
0.8866666555404663
0.9066666960716248
0.9399999976158142
0.9233333468437195
0.8966666460037231
0.8866666555404663
0.9166666865348816
0.8399999737739563
0.8866666555404663
0.8866666555404663
0.8933333158493042
0.9100000262260437
0.903333306312561
0.8899999856948853
0.9233333468437195
0.9133333563804626
0.9200000166893005
0.8733333349227905
0.9266666769981384
0.9133333563804626
0.9100000262260437
0.9133333563804626
0.9300000071525574
0.9200000166893005
0.9300000071525574
0.9300000071525574
0.9166666865348816
0.9166666865348816
0.903333306312561
0.9466666579246521
0.9133333563804626
0.9200000166893005
0.9366666674613953
0.9466666579246521
0.949999988079071
0.9466666579246521
0.9233333468437195
0.9166666865348816
0.9233333468437195
0.9200000166893005
0.9133333563804626
0.9266666769981384
0.9399999976158142
0.9466666579246521
0.9066666960716248
0.9100000262260437
0.9466666579246521
0.9333333373069763
0.9433333277702332
0.9166666865348816
0.9700000286102295
0.9566666483879089
0.9066666960716248
0.9166666865348816
0.9200000166893005
0.9399999976158142
0.9333333373069763
0.95333331823349
0.9433333277702332
0.9399999976158142
0.9200000166893005
0.95333331823349
0.9466666579246521
0.9433333277702332
0.9599999785423279
0.9366666674613953
0.9599999785423279
0.95333331823349
0.9666666388511658
0.9399999976158142
0.9433333277702332
0.9433333277702332
0.9233333468437195
0.9466666579246521
0.9266666769981384
0.9633333086967468
0.9599999785423279
0.949999988079071
0.9633333086967468
0.9333333373069763
0.9633333086967468
0.949999988079071
0.9300000071525574
0.9666666388511658
0.9566666483879089
0.9566666483879089
0.95333331823349
0.9366666674613953
0.9599999785423279
0.9700000286102295
0.9599999785423279
0.949999988079071
0.9666666388511658
0.9433333277702332
0.9366666674613953
0.9700000286102295
0.9733333587646484
0.9666666388511658
0.95333331823349
0.9666666388511658
0.9733333587646484
0.949999988079071
0.9566666483879089
0.9599999785423279
0.949999988079071
0.9666666388511658
0.9766666889190674
0.9599999785423279
0.9766666889190674
0.9266666769981384
0.9633333086967468
0.9566666483879089
0.9633333086967468
0.9766666889190674
0.9599999785423279
0.95333331823349
0.9633333086967468
0.9566666483879089
0.9733333587646484
0.9366666674613953
0.9766666889190674
0.9833333492279053
0.9599999785423279
0.9866666793823242
0.9733333587646484
0.9733333587646484
0.9733333587646484
0.9566666483879089
0.9633333086967468
0.9566666483879089
0.9599999785423279
0.9800000190734863
0.9566666483879089
0.9599999785423279
0.9766666889190674
0.9766666889190674
0.9866666793823242
0.9700000286102295
0.9733333587646484
0.9800000190734863
0.9599999785423279
0.9733333587646484
0.9866666793823242
0.9599999785423279
0.9566666483879089
0.9700000286102295
0.9666666388511658
0.9900000095367432
0.9800000190734863
0.9700000286102295
0.9666666388511658
0.9900000095367432
0.9733333587646484
0.9733333587646484
0.9833333492279053
0.9599999785423279
0.9833333492279053
0.9633333086967468
0.9766666889190674
0.9766666889190674
0.9433333277702332
0.9700000286102295
0.9666666388511658
0.9466666579246521
0.9766666889190674
0.9833333492279053
0.9766666889190674
0.9800000190734863
0.9733333587646484
0.9866666793823242
0.9566666483879089
0.9700000286102295
0.9633333086967468
0.9900000095367432
0.9733333587646484
0.9866666793823242
0.9766666889190674
0.9766666889190674
0.9866666793823242
0.949999988079071
0.9666666388511658
0.9599999785423279
0.9766666889190674
0.9900000095367432
0.9666666388511658
0.9733333587646484
0.9800000190734863
0.9733333587646484
0.9766666889190674
0.9800000190734863
0.9800000190734863
0.9833333492279053
0.9933333396911621
0.9900000095367432
0.9666666388511658
0.9666666388511658
0.9666666388511658
0.9733333587646484
0.9800000190734863
0.9733333587646484
0.9800000190734863
0.9633333086967468
0.9766666889190674
0.9733333587646484
0.9900000095367432
0.9900000095367432
0.9633333086967468
0.9733333587646484
0.9700000286102295
0.9866666793823242
0.9800000190734863
0.9733333587646484
0.9633333086967468
0.9633333086967468
0.9700000286102295
0.9766666889190674
0.9700000286102295
0.9666666388511658
0.9599999785423279
0.9800000190734863
0.9833333492279053
0.9566666483879089
0.9599999785423279
0.9833333492279053
0.9766666889190674
0.9933333396911621
0.9866666793823242
0.9666666388511658
0.9599999785423279
0.9633333086967468
0.9666666388511658
0.9800000190734863
0.9800000190734863
0.9866666793823242
0.9666666388511658
0.9700000286102295
0.9933333396911621
0.9666666388511658
0.9599999785423279
0.9700000286102295
0.9733333587646484
0.9800000190734863
0.9900000095367432
0.9766666889190674
0.9766666889190674
0.9733333587646484
0.9599999785423279
0.9733333587646484
0.9766666889190674
0.9733333587646484
0.9633333086967468
0.9833333492279053
0.9866666793823242
0.9900000095367432
0.9733333587646484
0.9933333396911621
0.9766666889190674
0.9900000095367432
0.9733333587646484
0.9733333587646484
0.9800000190734863
0.9733333587646484
0.9800000190734863
0.9733333587646484
0.9800000190734863
0.9666666388511658
0.9866666793823242
0.9900000095367432
0.9766666889190674
0.9866666793823242
0.9700000286102295
0.9800000190734863
0.9700000286102295
0.9700000286102295
0.9866666793823242
0.9833333492279053
0.9833333492279053
0.9700000286102295
0.9766666889190674
0.9700000286102295
0.9733333587646484
0.9833333492279053
0.9833333492279053
0.9866666793823242
0.9766666889190674
0.9633333086967468
0.9700000286102295
0.9566666483879089
0.9833333492279053
0.9866666793823242
0.9733333587646484
0.9833333492279053
0.9933333396911621
0.9833333492279053
0.9866666793823242
0.9866666793823242
0.9766666889190674
0.9866666793823242
0.9766666889190674
0.9666666388511658
0.9800000190734863
0.9800000190734863
0.9800000190734863
0.9733333587646484
0.9800000190734863
0.9800000190734863
0.9733333587646484
0.9833333492279053
0.9766666889190674
0.9933333396911621
0.9900000095367432
0.9800000190734863
0.9833333492279053
0.9833333492279053
0.9800000190734863
0.9833333492279053
0.9800000190734863
0.9800000190734863
0.9866666793823242
0.9933333396911621
0.9800000190734863
0.996666669845581
0.9833333492279053
0.9766666889190674
0.9800000190734863
0.9800000190734863
0.9700000286102295
0.9766666889190674
0.9833333492279053
0.9833333492279053
0.9866666793823242
0.9866666793823242
0.9933333396911621
0.9733333587646484
0.9833333492279053
0.9900000095367432
0.9833333492279053
0.9766666889190674
0.9900000095367432
0.9733333587646484
0.9666666388511658
0.9900000095367432
0.9833333492279053
0.9933333396911621
0.9766666889190674
0.9866666793823242
0.9700000286102295
0.9700000286102295
0.9900000095367432
0.9900000095367432
0.9666666388511658
0.9833333492279053
0.9866666793823242
0.9800000190734863
0.9833333492279053
0.9800000190734863
0.9900000095367432
0.9900000095367432
0.9800000190734863
0.9866666793823242
0.9900000095367432
0.9633333086967468
0.9933333396911621
0.9900000095367432
0.9900000095367432
0.996666669845581
0.9933333396911621
0.9833333492279053
0.9933333396911621
0.9833333492279053
0.9866666793823242
0.9800000190734863
0.9833333492279053
0.9800000190734863
0.9933333396911621
0.9900000095367432
0.9833333492279053
0.9666666388511658
0.9866666793823242
0.9900000095367432
0.996666669845581
0.9766666889190674
0.9800000190734863
0.9866666793823242
0.9700000286102295
0.9866666793823242
0.9800000190734863
0.9866666793823242
1.0
0.9933333396911621
0.9666666388511658
0.9733333587646484
0.9866666793823242
0.9800000190734863
0.9866666793823242
0.9866666793823242
0.9900000095367432
0.9833333492279053
0.9833333492279053
0.996666669845581
0.9866666793823242
0.9833333492279053
0.9766666889190674
0.9800000190734863
0.9800000190734863
0.9866666793823242
0.996666669845581
0.9866666793823242
0.9933333396911621
0.9733333587646484
0.9900000095367432
0.9766666889190674
0.9800000190734863
0.9866666793823242
0.9900000095367432
0.9833333492279053
0.9800000190734863
0.9900000095367432
0.996666669845581
0.9866666793823242
0.9866666793823242
0.9900000095367432
0.996666669845581
0.9900000095367432
0.9900000095367432
0.9933333396911621
0.9933333396911621
0.9833333492279053
0.9866666793823242
0.9833333492279053
1.0
0.9866666793823242
0.9833333492279053
0.9800000190734863
0.9900000095367432
0.9766666889190674
0.996666669845581
0.9800000190734863
0.9900000095367432
0.9900000095367432
0.9900000095367432
0.9866666793823242
0.9933333396911621
0.9933333396911621
0.9766666889190674
0.9800000190734863
0.9933333396911621
0.9933333396911621
0.9900000095367432
0.9900000095367432
0.9900000095367432
0.9900000095367432
0.9900000095367432
0.9933333396911621
0.9933333396911621
0.9833333492279053
0.996666669845581
0.996666669845581
0.9933333396911621
0.9833333492279053
0.9933333396911621
0.9933333396911621
0.9800000190734863
0.996666669845581
0.9866666793823242
1.0
0.9933333396911621
0.9866666793823242
0.9733333587646484
0.9900000095367432
0.9800000190734863
0.9933333396911621
0.9933333396911621
0.996666669845581
0.9800000190734863
0.9599999785423279
0.9866666793823242
0.9866666793823242
0.9933333396911621
0.9933333396911621
0.9866666793823242
0.9900000095367432
0.9900000095367432
0.9866666793823242
0.9933333396911621
0.996666669845581
0.9933333396911621
0.9866666793823242
0.9933333396911621
0.9866666793823242
0.9900000095367432
0.996666669845581
0.996666669845581
0.996666669845581
0.9833333492279053
0.9766666889190674
0.9833333492279053
0.9933333396911621
0.9933333396911621
0.9833333492279053
0.9900000095367432
0.996666669845581
0.9900000095367432
0.996666669845581
0.9800000190734863
0.9733333587646484
0.9933333396911621
0.9933333396911621
0.996666669845581
0.9900000095367432
0.9900000095367432
0.9766666889190674
0.9933333396911621
0.9900000095367432
0.9766666889190674
0.9933333396911621
0.9933333396911621
0.996666669845581
0.9866666793823242
0.9900000095367432
0.9800000190734863
0.9933333396911621
0.9900000095367432
0.9833333492279053
0.9900000095367432
1.0
0.9833333492279053
0.9933333396911621
0.9933333396911621
0.9933333396911621
0.9800000190734863
0.9900000095367432
0.9866666793823242
0.996666669845581
0.9866666793823242
0.9833333492279053
0.9900000095367432
0.996666669845581
0.9866666793823242
0.9900000095367432
0.9833333492279053
0.9866666793823242
0.9866666793823242
0.9933333396911621
0.9866666793823242
0.9866666793823242
0.9833333492279053
0.9933333396911621
0.996666669845581
0.996666669845581
0.9900000095367432
0.996666669845581
0.9933333396911621
0.9800000190734863
0.9833333492279053
0.9800000190734863
0.9833333492279053
0.9900000095367432
0.9933333396911621
0.9933333396911621
0.9833333492279053
0.9866666793823242
0.9800000190734863
0.9833333492279053
0.9833333492279053
0.9933333396911621
0.9833333492279053
0.996666669845581
0.9800000190734863
0.9900000095367432
0.9766666889190674
0.9900000095367432
0.9933333396911621
0.9900000095367432
0.9900000095367432
0.9700000286102295
0.9800000190734863
0.9866666793823242
0.9866666793823242
0.9866666793823242
0.9700000286102295
0.9800000190734863
0.9900000095367432
0.9900000095367432
0.9833333492279053
0.9833333492279053
0.9866666793823242
0.9900000095367432
0.9833333492279053
0.9866666793823242
0.9933333396911621
0.9900000095367432
0.9733333587646484
0.9833333492279053
0.9900000095367432
1.0
0.9800000190734863
0.9800000190734863
0.9900000095367432
0.9800000190734863
0.9800000190734863
0.9833333492279053
0.9733333587646484
0.9800000190734863
0.9800000190734863
0.9766666889190674
0.9900000095367432
0.9866666793823242
0.9733333587646484
0.996666669845581
0.9733333587646484
0.9666666388511658
0.9833333492279053
0.9900000095367432
0.9833333492279053
0.9900000095367432
0.996666669845581
0.9833333492279053
0.9566666483879089
0.9900000095367432
0.9900000095367432
0.9800000190734863
0.9800000190734863
0.9866666793823242
0.9766666889190674
0.9766666889190674
0.9866666793823242
0.9866666793823242
0.9833333492279053
0.996666669845581
0.9766666889190674
0.9900000095367432
0.9733333587646484
0.9833333492279053
0.9933333396911621
0.996666669845581
0.9933333396911621
0.9800000190734863
0.9866666793823242
0.9800000190734863
0.9700000286102295
0.9800000190734863
0.9900000095367432
0.9866666793823242
0.9833333492279053
0.9833333492279053
0.9666666388511658
0.9733333587646484
0.9833333492279053
0.996666669845581
0.9766666889190674
0.9866666793823242
0.9933333396911621
0.9833333492279053
1.0
0.9833333492279053
0.9766666889190674
0.9866666793823242
0.9900000095367432
0.9766666889190674
0.9733333587646484
0.9900000095367432
0.9933333396911621
0.9866666793823242
0.9800000190734863
0.9766666889190674
0.9833333492279053
0.9866666793823242
0.9933333396911621
0.9900000095367432
1.0
0.9866666793823242
0.996666669845581
0.996666669845581
0.9900000095367432
0.9633333086967468
0.9900000095367432
0.9900000095367432
0.9866666793823242
0.9833333492279053
0.9933333396911621
0.9633333086967468
0.9833333492279053
0.9933333396911621
0.9933333396911621
0.9933333396911621
0.9900000095367432
0.9800000190734863
0.9866666793823242
0.9833333492279053
0.9800000190734863
0.9900000095367432
0.9900000095367432
0.9900000095367432
0.9700000286102295
0.9800000190734863
0.996666669845581
0.9900000095367432
0.9833333492279053
0.9833333492279053
0.9733333587646484
0.9800000190734863
0.9900000095367432
0.9900000095367432
0.996666669845581
0.9866666793823242
0.9766666889190674
0.9933333396911621
0.9900000095367432
0.996666669845581
0.9800000190734863
0.9766666889190674
0.9866666793823242
0.9800000190734863
0.9833333492279053
0.9800000190734863
0.9866666793823242
0.996666669845581
0.9866666793823242
0.9833333492279053
0.9866666793823242
0.9933333396911621
0.9933333396911621
0.9766666889190674
0.9800000190734863
0.9900000095367432
0.9766666889190674
0.9933333396911621
0.9900000095367432
0.996666669845581
0.9866666793823242
0.996666669845581
0.9900000095367432
0.9900000095367432
0.9900000095367432
0.9766666889190674
0.9800000190734863
0.996666669845581
0.9933333396911621
0.9933333396911621
0.9833333492279053
0.9833333492279053
0.9900000095367432
0.9900000095367432
0.9866666793823242
0.9933333396911621
1.0
0.9933333396911621
0.996666669845581
0.9866666793823242
0.9866666793823242
0.996666669845581
0.9933333396911621
1.0
0.9933333396911621
0.996666669845581
0.9933333396911621
0.9833333492279053
0.9933333396911621
0.9900000095367432
0.9933333396911621
0.9933333396911621
0.9900000095367432
0.9900000095367432
0.996666669845581
0.9933333396911621
0.9900000095367432
0.9900000095367432
0.996666669845581
0.9900000095367432
0.9933333396911621
0.996666669845581
1.0
0.996666669845581
0.996666669845581
0.9933333396911621
0.9933333396911621
0.996666669845581
0.996666669845581
0.996666669845581
0.9933333396911621
0.996666669845581
0.996666669845581
0.9900000095367432
1.0
1.0
1.0
1.0
1.0
1.0
0.9900000095367432
1.0
0.9933333396911621
0.996666669845581
1.0
0.996666669845581
0.9933333396911621
0.996666669845581
0.996666669845581
0.996666669845581
0.9933333396911621
0.996666669845581
1.0
0.996666669845581
1.0
1.0
1.0
0.9933333396911621
0.996666669845581
0.9900000095367432
0.996666669845581
0.9900000095367432
0.9933333396911621
0.9900000095367432
0.9866666793823242
0.9900000095367432
0.996666669845581
0.996666669845581
0.996666669845581
0.9900000095367432
1.0
0.9866666793823242
0.9933333396911621
1.0
0.996666669845581
0.9933333396911621
1.0
0.996666669845581
0.996666669845581
1.0
0.9900000095367432
0.9900000095367432
1.0
1.0
0.996666669845581
0.9900000095367432
0.9933333396911621
1.0
0.9933333396911621
0.996666669845581
1.0
0.996666669845581
0.9933333396911621
0.9933333396911621
0.996666669845581
1.0
0.9900000095367432
0.9900000095367432
0.9866666793823242
0.996666669845581
0.996666669845581
1.0
0.9900000095367432
0.9900000095367432
0.9933333396911621
0.9933333396911621
0.9900000095367432
0.996666669845581
0.996666669845581
0.996666669845581
0.9900000095367432
0.9900000095367432
0.9933333396911621
0.9900000095367432
0.9933333396911621
1.0
0.996666669845581
0.9900000095367432
0.9933333396911621
0.996666669845581
0.9900000095367432
0.9933333396911621
0.996666669845581
0.996666669845581
0.9800000190734863
0.9900000095367432
0.9933333396911621
0.996666669845581
0.9833333492279053
0.996666669845581
0.996666669845581
0.996666669845581
0.9933333396911621
0.996666669845581
0.996666669845581
0.996666669845581
0.9733333587646484
0.9833333492279053
0.996666669845581
0.9833333492279053
1.0
0.9866666793823242
0.996666669845581
0.9800000190734863
0.9933333396911621
0.9866666793823242
0.9800000190734863
0.996666669845581
0.996666669845581
0.9900000095367432
0.9833333492279053
0.996666669845581
0.9900000095367432
0.9733333587646484
0.9933333396911621
0.9866666793823242
0.9900000095367432
0.9933333396911621
0.9933333396911621
0.996666669845581
0.9900000095367432
0.996666669845581
0.9866666793823242
0.996666669845581
0.9866666793823242
0.9933333396911621
0.996666669845581
0.9866666793823242
0.9900000095367432
0.9866666793823242
0.996666669845581
0.9933333396911621
0.996666669845581
0.9866666793823242
0.9833333492279053
0.9900000095367432
0.9933333396911621
0.9900000095367432
0.9933333396911621
0.9900000095367432
0.9866666793823242
0.9933333396911621
0.9933333396911621
0.9866666793823242
0.9933333396911621
0.9900000095367432
1.0
1.0
0.9933333396911621
1.0
0.9933333396911621
0.9900000095367432
0.9833333492279053
0.996666669845581
0.9933333396911621
0.9800000190734863
1.0
0.9933333396911621
0.9933333396911621
0.9900000095367432
0.9933333396911621
0.9900000095367432
0.996666669845581
0.996666669845581
0.996666669845581
0.9833333492279053
0.9900000095367432
0.9900000095367432
0.9866666793823242
0.9900000095367432
0.996666669845581
0.9933333396911621
0.9800000190734863
0.9900000095367432
0.9933333396911621
0.9900000095367432
0.9933333396911621
0.996666669845581
0.9933333396911621
0.9866666793823242
0.9900000095367432
0.9933333396911621
0.9866666793823242
0.9900000095367432
0.9900000095367432
0.9900000095367432
0.9900000095367432
0.9900000095367432
0.996666669845581
0.9833333492279053
0.9933333396911621
0.9866666793823242
0.9933333396911621
0.996666669845581
0.9766666889190674
0.9833333492279053
1.0
0.9933333396911621
0.996666669845581
0.9933333396911621
1.0
0.9933333396911621
0.9900000095367432
0.9833333492279053
0.9866666793823242
0.9900000095367432
1.0
0.996666669845581
0.9833333492279053
0.9866666793823242
0.9833333492279053
0.9866666793823242
0.9766666889190674
0.996666669845581
0.9933333396911621
1.0
0.9900000095367432
0.9933333396911621
0.9933333396911621
0.996666669845581
0.9933333396911621
1.0
0.9933333396911621
0.9933333396911621
0.9933333396911621
0.9833333492279053
0.9933333396911621
1.0
0.9800000190734863
0.996666669845581
0.9800000190734863
0.9933333396911621
0.996666669845581
0.996666669845581
0.9866666793823242
0.996666669845581
1.0
0.9866666793823242
0.9900000095367432
0.9866666793823242
1.0
0.9900000095367432
0.996666669845581
0.996666669845581
0.996666669845581
0.9900000095367432
0.9900000095367432
0.996666669845581
1.0
0.996666669845581
0.9900000095367432
0.996666669845581
0.9900000095367432
0.9933333396911621
0.996666669845581
0.9900000095367432
0.996666669845581
0.996666669845581
0.996666669845581
0.9866666793823242
0.996666669845581
0.9866666793823242
0.9866666793823242
0.9933333396911621
0.9933333396911621
0.9933333396911621
0.9933333396911621
0.9866666793823242
0.9933333396911621
0.9866666793823242
0.996666669845581
0.9933333396911621
0.9900000095367432
0.9933333396911621
0.9900000095367432
0.9933333396911621
0.9866666793823242
0.9933333396911621
0.9833333492279053
0.9866666793823242
1.0
0.9900000095367432
0.9866666793823242
0.9933333396911621
0.9766666889190674
0.9866666793823242
0.9900000095367432
0.9933333396911621
0.9900000095367432
0.9900000095367432
0.9933333396911621
0.9866666793823242
0.9900000095367432
0.9933333396911621
0.9933333396911621
0.9900000095367432
0.9833333492279053
0.996666669845581
0.9900000095367432
0.9900000095367432
0.996666669845581
0.996666669845581
0.996666669845581
0.9833333492279053
0.9933333396911621
0.996666669845581
0.996666669845581
1.0
0.996666669845581
0.9800000190734863
0.996666669845581
0.9866666793823242
0.9900000095367432
0.9900000095367432
1.0
0.9800000190734863
0.996666669845581
0.9900000095367432
0.9800000190734863
0.9933333396911621
0.9866666793823242
0.9866666793823242
0.996666669845581
1.0
0.9900000095367432
0.9833333492279053
0.9933333396911621
0.996666669845581
0.9866666793823242
0.9900000095367432
0.996666669845581
0.9800000190734863
0.9933333396911621
0.9900000095367432
0.9933333396911621
0.996666669845581
0.9733333587646484
0.9900000095367432
0.9900000095367432
0.9800000190734863
0.996666669845581
0.9900000095367432
0.9866666793823242
1.0
0.9900000095367432
0.9900000095367432
1.0
0.9866666793823242
0.996666669845581
0.9833333492279053
0.9900000095367432
0.9900000095367432
0.9833333492279053
0.9866666793823242
0.9933333396911621
0.9900000095367432
0.996666669845581
0.9866666793823242
0.9866666793823242
0.9933333396911621
0.996666669845581
0.9833333492279053
0.9900000095367432
0.9900000095367432
0.9900000095367432
0.9833333492279053
0.996666669845581
0.9900000095367432
0.9866666793823242
0.9800000190734863
0.9900000095367432
0.9866666793823242
0.9866666793823242
1.0
0.996666669845581
0.9933333396911621
0.9933333396911621
0.9933333396911621
0.9866666793823242
0.9900000095367432
0.9866666793823242
0.9900000095367432
0.9933333396911621
0.9833333492279053
0.9933333396911621
0.996666669845581
0.996666669845581
0.996666669845581
0.996666669845581
0.9866666793823242
0.9866666793823242
0.9900000095367432
0.996666669845581
0.996666669845581
0.9933333396911621
0.9933333396911621
1.0
1.0
0.9900000095367432
1.0
0.9933333396911621
0.9933333396911621
0.9933333396911621
0.9900000095367432
0.9700000286102295
0.9933333396911621
0.9933333396911621
0.9933333396911621
0.9933333396911621
0.9933333396911621
0.9866666793823242
1.0
0.996666669845581
0.9833333492279053
0.9900000095367432
0.996666669845581
0.9900000095367432
1.0
0.9933333396911621
1.0
1.0
0.9866666793823242
0.9866666793823242
0.996666669845581
0.9933333396911621
0.9933333396911621
0.9900000095367432
0.996666669845581
1.0
1.0
0.996666669845581
0.996666669845581
0.9933333396911621
0.996666669845581
0.996666669845581
1.0
0.9900000095367432
0.996666669845581
0.9766666889190674
1.0
1.0
0.9866666793823242
0.9933333396911621
1.0
0.996666669845581
0.996666669845581
0.996666669845581
0.9866666793823242
1.0
0.9900000095367432
0.996666669845581
1.0
0.996666669845581
0.9933333396911621
0.9933333396911621
1.0
0.9866666793823242
0.996666669845581
0.996666669845581
1.0
1.0
1.0
1.0
0.9900000095367432
0.9866666793823242
0.996666669845581
1.0
0.9866666793823242
0.996666669845581
0.9933333396911621
1.0
1.0
1.0
1.0
0.996666669845581
0.996666669845581
0.9933333396911621
1.0
0.996666669845581
0.996666669845581
0.9933333396911621
0.9933333396911621
1.0
1.0
0.996666669845581
0.9933333396911621
1.0
0.996666669845581
1.0
0.996666669845581
0.9866666793823242
0.9933333396911621
1.0
1.0
0.9933333396911621
0.9933333396911621
0.996666669845581
0.9866666793823242
0.9900000095367432
0.996666669845581
0.9900000095367432
0.9933333396911621
0.996666669845581
0.996666669845581
0.9933333396911621
1.0
1.0
1.0
0.9900000095367432
0.996666669845581
0.9933333396911621
0.9900000095367432
0.996666669845581
1.0
0.996666669845581
1.0
1.0
0.996666669845581
0.9933333396911621
0.996666669845581
0.9833333492279053
0.9933333396911621
0.996666669845581
0.9933333396911621
1.0
1.0
0.996666669845581
0.9933333396911621
0.9900000095367432
0.996666669845581
0.9933333396911621
0.9933333396911621
1.0
0.996666669845581
0.9933333396911621
0.9933333396911621
0.996666669845581
1.0
0.9933333396911621
0.9933333396911621
1.0
0.9933333396911621
1.0
0.996666669845581
0.9900000095367432
0.996666669845581
0.9866666793823242
1.0
0.996666669845581
0.996666669845581
0.996666669845581
0.9933333396911621
0.996666669845581
0.996666669845581
1.0
0.9866666793823242
0.996666669845581
0.996666669845581
0.9933333396911621
0.996666669845581
0.996666669845581
0.996666669845581
0.9833333492279053
1.0
0.9933333396911621
0.996666669845581
0.996666669845581
0.9933333396911621
0.996666669845581
0.996666669845581
1.0
0.9933333396911621
0.9900000095367432
0.996666669845581
0.9866666793823242
1.0
0.9900000095367432
1.0
1.0
0.9933333396911621
0.996666669845581
0.9900000095367432
0.9933333396911621
0.9933333396911621
0.996666669845581
1.0
0.9900000095367432
0.9933333396911621
0.9933333396911621
0.996666669845581
1.0
0.996666669845581
1.0
1.0
0.9933333396911621
0.9900000095367432
1.0
1.0
0.996666669845581
0.9933333396911621
0.996666669845581
0.9900000095367432
0.996666669845581
0.9900000095367432
0.9933333396911621
1.0
0.9933333396911621
0.9900000095367432
0.9900000095367432
0.9900000095367432
0.996666669845581
0.996666669845581
0.9900000095367432
0.9900000095367432
0.996666669845581
1.0
0.9933333396911621
0.9900000095367432
0.996666669845581
0.996666669845581
1.0
0.996666669845581
0.996666669845581
0.996666669845581
0.996666669845581
1.0
0.996666669845581
0.9933333396911621
0.9933333396911621
1.0
0.9933333396911621
0.9933333396911621
0.9900000095367432
0.9866666793823242
0.996666669845581
0.9900000095367432
0.9900000095367432
1.0
1.0
0.9933333396911621
0.996666669845581
1.0
1.0
0.996666669845581
0.9933333396911621
0.9933333396911621
0.9900000095367432
0.996666669845581
0.9933333396911621
1.0
0.9933333396911621
0.9933333396911621
1.0
0.9900000095367432
0.9933333396911621
0.996666669845581
1.0
0.996666669845581
0.996666669845581
0.9866666793823242
0.996666669845581
0.996666669845581
0.9866666793823242
1.0
0.9933333396911621
0.996666669845581
0.9933333396911621
0.996666669845581
0.9866666793823242
0.9933333396911621
0.9900000095367432
0.9833333492279053
0.9900000095367432
0.9933333396911621
0.9933333396911621
0.996666669845581
0.9933333396911621
0.9933333396911621
0.9900000095367432
0.9933333396911621
0.9866666793823242
0.9933333396911621
0.9866666793823242
0.9900000095367432
0.9933333396911621
0.9933333396911621
0.9900000095367432
0.9933333396911621
1.0
0.9933333396911621
0.9900000095367432
0.9900000095367432
0.9933333396911621
0.9933333396911621
0.9933333396911621
0.9900000095367432
0.9933333396911621
0.9900000095367432
0.9933333396911621
0.996666669845581
0.9933333396911621
0.996666669845581
0.9933333396911621
0.9933333396911621
0.9933333396911621
0.9866666793823242
0.9866666793823242
1.0
1.0
0.996666669845581
0.996666669845581
0.9866666793823242
0.9900000095367432
0.9800000190734863
0.9900000095367432
0.9933333396911621
0.9933333396911621
0.9900000095367432
0.996666669845581
1.0
0.9933333396911621
0.9833333492279053
0.9866666793823242
0.9933333396911621
0.9900000095367432
0.9833333492279053
1.0
0.9900000095367432
0.9933333396911621
0.9933333396911621
0.9900000095367432
0.9933333396911621
0.9900000095367432
0.9900000095367432
0.9900000095367432
0.9866666793823242
0.996666669845581
0.9833333492279053
0.996666669845581
0.9833333492279053
0.9900000095367432
0.996666669845581
0.9933333396911621
0.9866666793823242
0.9900000095367432
1.0
0.9933333396911621
0.9833333492279053
0.9900000095367432
0.9833333492279053
1.0
0.9900000095367432
0.9900000095367432
0.9933333396911621
0.9933333396911621
0.996666669845581
0.9933333396911621
1.0
0.996666669845581
0.9933333396911621
0.9933333396911621
0.996666669845581
0.996666669845581
1.0
0.9900000095367432
0.9900000095367432
0.996666669845581
0.9933333396911621
0.9900000095367432
1.0
0.9933333396911621
0.996666669845581
0.9900000095367432
1.0
0.9900000095367432
0.9933333396911621
1.0
0.996666669845581
0.996666669845581
1.0
