15.706339836120605
9.252835273742676
6.058927536010742
3.7100675106048584
3.2793405055999756
2.945558786392212
2.764183521270752
2.863581895828247
2.468578338623047
2.5868804454803467
2.3771822452545166
2.351889133453369
2.1931650638580322
2.3482768535614014
2.483624219894409
2.343285322189331
2.276556968688965
2.0607335567474365
2.245086669921875
2.1159512996673584
2.047710418701172
1.9315415620803833
2.0291948318481445
1.9305022954940796
1.9550931453704834
1.78056800365448
1.6087684631347656
1.7892409563064575
1.9981276988983154
1.6361808776855469
1.6537165641784668
1.5692694187164307
1.503483533859253
1.716807246208191
1.4836134910583496
1.5833125114440918
1.6503828763961792
1.5707969665527344
1.3704833984375
1.573414921760559
1.3281300067901611
1.5096639394760132
1.5230685472488403
1.3683475255966187
1.3022085428237915
1.4992406368255615
1.3161835670471191
1.1861369609832764
1.4161814451217651
1.2777942419052124
1.3676702976226807
1.1993095874786377
1.0739891529083252
0.9428958296775818
1.128615140914917
0.9484254717826843
1.1016448736190796
0.9057071208953857
0.9435197710990906
1.2433315515518188
0.9901061058044434
0.945659875869751
0.8883365988731384
0.849606454372406
0.8807196021080017
0.7887423038482666
0.8974023461341858
0.9511517286300659
0.917958676815033
0.9900828003883362
0.8662250638008118
0.7293318510055542
0.7476378679275513
0.7619681358337402
0.7418304681777954
0.7309282422065735
0.5750772356987
0.6324301362037659
0.6869910955429077
0.6067388653755188
0.7311176061630249
0.5718666315078735
0.60773766040802
0.6612755656242371
0.6791189908981323
0.5892243385314941
0.6835023760795593
0.6677616238594055
0.6470085382461548
0.5104723572731018
0.5511726140975952
0.5550371408462524
0.4996398985385895
0.6042544841766357
0.4821651577949524
0.47123968601226807
0.42463821172714233
0.43588754534721375
0.6134555339813232
0.48666030168533325
0.49460235238075256
0.5466282367706299
0.4997384250164032
0.46073487401008606
0.47657740116119385
0.4018312096595764
0.4557851254940033
0.415077805519104
0.4785190224647522
0.4408579468727112
0.4134621024131775
0.389816552400589
0.40110069513320923
0.3721645176410675
0.45505496859550476
0.4828249216079712
0.3834042251110077
0.3962886333465576
0.2999315559864044
0.38961899280548096
0.3473937213420868
0.3518746793270111
0.26783087849617004
0.3866497874259949
0.2238379865884781
0.3734338581562042
0.5291016101837158
0.27585098147392273
0.2701505720615387
0.44435596466064453
0.34346333146095276
0.3415011465549469
0.18716809153556824
0.2507800757884979
0.32014477252960205
0.37103697657585144
0.23531481623649597
0.4862642288208008
0.32078126072883606
0.34665539860725403
0.28237074613571167
0.2716883718967438
0.2662426829338074
0.3206302523612976
0.256426066160202
0.27443450689315796
0.2282770574092865
0.332185298204422
0.23889648914337158
0.29304611682891846
0.3332919180393219
0.22698974609375
0.19627107679843903
0.2250836193561554
0.20996060967445374
0.18586000800132751
0.22781328856945038
0.28097519278526306
0.30815064907073975
0.18308989703655243
0.24194000661373138
0.23515543341636658
0.20275373756885529
0.1757991760969162
0.16631945967674255
0.19691680371761322
0.23813772201538086
0.22899699211120605
0.19325271248817444
0.23696403205394745
0.20193924009799957
0.1882990449666977
0.16699948906898499
0.16878047585487366
0.2528260350227356
0.2544255554676056
0.15702533721923828
0.1738816201686859
0.16306085884571075
0.25618040561676025
0.13384778797626495
0.12415866553783417
0.28482481837272644
0.2670671045780182
0.1850280910730362
0.1904621422290802
0.21163718402385712
0.1713038831949234
0.15793949365615845
0.14951589703559875
0.19360408186912537
0.12105556577444077
0.17435085773468018
0.14056949317455292
0.1407528817653656
0.20229049026966095
0.12498367577791214
0.14035958051681519
0.13727810978889465
0.1914951652288437
0.17484088242053986
0.151519775390625
0.19817166030406952
0.12804313004016876
0.19952154159545898
0.11337748169898987
0.11304289847612381
0.1714506596326828
0.12729407846927643
0.14448781311511993
0.09854023903608322
0.1448369175195694
0.20645150542259216
0.11577753722667694
0.11086413264274597
0.1379760503768921
0.17545832693576813
0.17566634714603424
0.11248012632131577
0.10034675896167755
0.10958108305931091
0.1484580636024475
0.103180430829525
0.18775047361850739
0.18185923993587494
0.10497616976499557
0.0781465619802475
0.1125059500336647
0.09608255326747894
0.1406000703573227
0.07379224896430969
0.10585808753967285
0.1099049523472786
0.12244506925344467
0.12520284950733185
0.10954928398132324
0.07190001755952835
0.12058213353157043
0.06469499319791794
0.15820889174938202
0.09013113379478455
0.17565523087978363
0.11774622648954391
0.07310091704130173
0.11269742250442505
0.12077602744102478
0.10861910134553909
0.11579630523920059
0.09231331944465637
0.13398651778697968
0.08454454690217972
0.06738179922103882
0.1108512207865715
0.06095767393708229
0.08834834396839142
0.08437751978635788
0.1030171662569046
0.1602572500705719
0.10403207689523697
0.1264662742614746
0.11496632546186447
0.06660246849060059
0.12293613702058792
0.1000485047698021
0.07048669457435608
0.05551369860768318
0.04236724227666855
0.08850055932998657
0.10144713521003723
0.06565644592046738
0.13036036491394043
0.06800979375839233
0.05404917895793915
0.1095798909664154
0.11751271784305573
0.07007067650556564
0.08862868696451187
0.06684639304876328
0.052720632404088974
0.08742287755012512
0.09302227944135666
0.04194095730781555
0.1006976068019867
0.08051055669784546
0.049911804497241974
0.09115009009838104
0.045508742332458496
0.07967383414506912
0.07529555261135101
0.06418503820896149
0.13751806318759918
0.11664167046546936
0.12709061801433563
0.150531604886055
0.07859150320291519
0.0534660667181015
0.0757250264286995
0.06244370713829994
0.07501518726348877
0.04191719368100166
0.10537547618150711
0.07135298103094101
0.10288387537002563
0.05306393280625343
0.07675866782665253
0.05725301057100296
0.04294067993760109
0.053167592734098434
0.03536598011851311
0.11554667353630066
0.10476963222026825
0.10785914212465286
0.08959387987852097
0.05128718540072441
0.0830100029706955
0.08533188700675964
0.05616259202361107
0.08252844959497452
0.061803627759218216
0.06083902344107628
0.05873779207468033
0.04484656825661659
0.02576346881687641
0.03766108304262161
0.08274240046739578
0.08192647248506546
0.0984315350651741
0.059218764305114746
0.05852149426937103
0.06905027478933334
0.0425846204161644
0.0860258936882019
0.06836815178394318
0.11198749393224716
0.039623357355594635
0.04153554141521454
0.09988916665315628
0.09938278794288635
0.0893917977809906
0.04813849553465843
0.057319894433021545
0.08974234014749527
0.09849601984024048
0.0880381241440773
0.0776839479804039
0.07354487478733063
0.06813742220401764
0.09235232323408127
0.08924532681703568
0.0701645091176033
0.05909621715545654
0.10872815549373627
0.1106487512588501
0.06169263273477554
0.07246021181344986
0.04062780737876892
0.04989233985543251
0.11945848166942596
0.11872077733278275
0.09120969474315643
0.09699875861406326
0.06170604005455971
0.061408188194036484
0.03506774455308914
0.10032932460308075
0.09017004072666168
0.04545542225241661
0.10675510764122009
0.08318746089935303
0.09218917042016983
0.06464409083127975
0.05599178373813629
0.03499884158372879
0.06560919433832169
0.07237497717142105
0.10904468595981598
0.09988472610712051
0.07857215404510498
0.08657766878604889
0.06903000921010971
0.10416404902935028
0.06593713164329529
0.04270787909626961
0.05659789219498634
0.08199309557676315
0.03087834268808365
0.09446857124567032
0.04831893369555473
0.06023996323347092
0.07881270349025726
0.053197070956230164
0.09624752402305603
0.046304039657115936
0.09600609540939331
0.05197534337639809
0.09496443718671799
0.059830717742443085
0.05767614394426346
0.06384621560573578
0.05990360304713249
0.07554922997951508
0.0661938264966011
0.08318369835615158
0.06872374564409256
0.034272193908691406
0.07521972805261612
0.06349890679121017
0.08294610679149628
0.07795587927103043
0.0978773906826973
0.13224147260189056
0.05005675181746483
0.050042591989040375
0.041471339762210846
0.061924222856760025
0.10096313804388046
0.04642380774021149
0.11569555848836899
0.046249501407146454
0.03152468428015709
0.05072355270385742
0.04779446870088577
0.03418488800525665
0.03430647403001785
0.03622711822390556
0.05882476642727852
0.043973397463560104
0.052129484713077545
0.05251793563365936
0.10290814936161041
0.05460933595895767
0.05643928423523903
0.05824524536728859
0.08405767381191254
0.05707686021924019
0.046478237956762314
0.06226525083184242
0.04000474885106087
0.07653887569904327
0.031424541026353836
0.046741943806409836
0.05145734176039696
0.06560803204774857
0.058381080627441406
0.06577575951814651
0.05295761302113533
0.04604674503207207
0.062226664274930954
0.037012748420238495
0.026014190167188644
0.06299979239702225
0.0186994019895792
0.05921461060643196
0.07254651933908463
0.04947422817349434
0.08282601088285446
0.062703438103199
0.06367206573486328
0.03796786069869995
0.06287676841020584
0.04450773075222969
0.05644991621375084
0.020970910787582397
0.0701623186469078
0.0637550801038742
0.0316174142062664
0.05560092255473137
0.05248761549592018
0.04265075549483299
0.08880342543125153
0.09878027439117432
0.04254869371652603
0.04221760854125023
0.03582404926419258
0.038024481385946274
0.037598781287670135
0.06807705760002136
0.07731448858976364
0.031078150495886803
0.023385195061564445
0.07116594165563583
0.0459623709321022
0.03813299909234047
0.049242909997701645
0.039499327540397644
0.037379954010248184
0.022797103971242905
0.026468325406312943
0.046723850071430206
0.03417840972542763
0.03216848894953728
0.07844998687505722
0.03195482864975929
0.03277909755706787
0.023081282153725624
0.026446305215358734
0.030385179445147514
0.040007587522268295
0.027233120054006577
0.05340287461876869
0.0461026132106781
0.049425676465034485
0.05130254104733467
0.06080418452620506
0.012668974697589874
0.0220173392444849
0.04842889681458473
0.12512613832950592
0.03487343341112137
0.02983032539486885
0.022683050483465195
0.05420161038637161
0.07280117273330688
0.031025616452097893
0.08573595434427261
0.029426254332065582
0.04599785432219505
0.0405658558011055
0.01345584262162447
0.01962978206574917
0.08291379362344742
0.05562124401330948
0.04067043587565422
0.06633386015892029
0.036476146429777145
0.04822145029902458
0.04562896490097046
0.053016308695077896
0.04708293825387955
0.024496715515851974
0.0362885445356369
0.04089963436126709
0.06034636124968529
0.046266887336969376
0.05693715438246727
0.048224639147520065
0.01837676763534546
0.04981021583080292
0.025789862498641014
0.056298237293958664
0.0478261262178421
0.07451603561639786
0.06966474652290344
0.04031597450375557
0.03716990351676941
0.05098307505249977
0.06549785286188126
0.02116384729743004
0.01846732571721077
0.039148006588220596
0.04861006885766983
0.046958889812231064
0.019939113408327103
0.044702041894197464
0.054511960595846176
0.027231810614466667
0.024658173322677612
0.03751469403505325
0.05341453477740288
0.05316383019089699
0.013127666898071766
0.020712338387966156
0.04460759460926056
0.03566437214612961
0.032782524824142456
0.05235457420349121
0.014639274217188358
0.05374612659215927
0.022429084405303
0.03472375497221947
0.026608457788825035
0.05254373699426651
0.03497365862131119
0.025202954187989235
0.05739305540919304
0.062127284705638885
0.019190046936273575
0.035539790987968445
0.03673693165183067
0.020927151665091515
0.02731490693986416
0.024786310270428658
0.03724031150341034
0.02353406697511673
0.017189161852002144
0.047191325575113297
0.016093213111162186
0.012787058018147945
0.019025711342692375
0.03511471301317215
0.018703078851103783
0.01695713773369789
0.038633204996585846
0.02094860188663006
0.0252975020557642
0.008511963300406933
0.03270500525832176
0.023119857534766197
0.08044730871915817
0.021396314725279808
0.04789995774626732
0.0273609422147274
0.0137981241568923
0.011580291204154491
0.04185514524579048
0.06796431541442871
0.03066030517220497
0.029634183272719383
0.02268466353416443
0.025894777849316597
0.04235516116023064
0.02602744661271572
0.04861085116863251
0.03964838758111
0.02719053626060486
0.014099395833909512
0.01664244756102562
0.029477624222636223
0.06688900291919708
0.053274136036634445
0.025830332189798355
0.013551696203649044
0.021156959235668182
0.01638595014810562
0.029525859281420708
0.07701506465673447
0.04294462129473686
0.0409543439745903
0.03379281237721443
0.039401277899742126
0.02829924039542675
0.017343655228614807
0.04048658534884453
0.013700161129236221
0.03497035428881645
0.06740432977676392
0.03449104726314545
0.028043676167726517
0.01816082000732422
0.028502361848950386
0.02664889208972454
0.06483974307775497
0.036893513053655624
0.036152057349681854
0.06414934992790222
0.027852939441800117
0.022407732903957367
0.018284466117620468
0.030286289751529694
0.05352284759283066
0.04257059842348099
0.03422994539141655
0.03171394020318985
0.027010027319192886
0.03853728622198105
0.01378484908491373
0.033989232033491135
0.03487727791070938
0.045102134346961975
0.01942599005997181
0.03996448218822479
0.04665008932352066
0.03350494056940079
0.02684333547949791
0.029027776792645454
0.04850341007113457
0.03085154853761196
0.028360074386000633
0.03469115123152733
0.027454862371087074
0.04154320806264877
0.032546911388635635
0.03255845233798027
0.01648123748600483
0.03334508091211319
0.04489265754818916
0.05604036897420883
0.021680813282728195
0.021054726094007492
0.017222333699464798
0.021046238020062447
0.01889950968325138
0.032032713294029236
0.07069606333971024
0.056836433708667755
0.043792273849248886
0.04409005120396614
0.03014223463833332
0.02821110375225544
0.020649917423725128
0.03639091178774834
0.04403173178434372
0.06893625110387802
0.07282315939664841
0.03692803531885147
0.020294666290283203
0.0503641739487648
0.02133108861744404
0.047849949449300766
0.027309605851769447
0.041701119393110275
0.022672420367598534
0.023692570626735687
0.014994168654084206
0.06250599771738052
0.05584901198744774
0.05803891643881798
0.04321449622511864
0.03482438251376152
0.03219624608755112
0.08314887434244156
0.03788462653756142
0.02093881368637085
0.029116548597812653
0.04733441025018692
0.04297594726085663
0.04146813973784447
0.022504406049847603
0.039876967668533325
0.03357793018221855
0.019674761220812798
0.032681677490472794
0.09167616814374924
0.04313746094703674
0.030109507963061333
0.006141057703644037
0.03721417486667633
0.07352352887392044
0.03331182897090912
0.05206146091222763
0.0976906269788742
0.054578546434640884
0.06465892493724823
0.04895523190498352
0.05406099185347557
0.06271981447935104
0.04456578195095062
0.04786202311515808
0.09087228029966354
0.013448917306959629
0.05422316864132881
0.07548847794532776
0.04404760152101517
0.042929813265800476
0.04093959927558899
0.029469436034560204
0.028782719746232033
0.05267580971121788
0.09974760562181473
0.04626971110701561
0.04827132821083069
0.07227658480405807
0.0696084275841713
0.03958166018128395
0.08165488392114639
0.05763683468103409
0.04525770992040634
0.04576641321182251
0.05038069933652878
0.01630023866891861
0.06965365260839462
0.027621479704976082
0.04725844785571098
0.05768761411309242
0.04335673153400421
0.014379877597093582
0.021969815716147423
0.066460020840168
0.034418486058712006
0.045453302562236786
0.0842604860663414
0.07271531224250793
0.02428870089352131
0.022402169182896614
0.04394504427909851
0.029235515743494034
0.06894498318433762
0.07440532743930817
0.05790485441684723
0.018063774332404137
0.06113347411155701
0.033361200243234634
0.027421623468399048
0.03219728544354439
0.016483090817928314
0.023724470287561417
0.053747836500406265
0.03660598769783974
0.02696857787668705
0.059853795915842056
0.07465493679046631
0.026016922667622566
0.018842890858650208
0.03241927921772003
0.04980216175317764
0.04544508457183838
0.04513867199420929
0.04835216701030731
0.02317926101386547
0.03042970597743988
0.01191901508718729
0.03522634878754616
0.010842345654964447
0.022269688546657562
0.030762936919927597
0.10836343467235565
0.021741168573498726
0.03374897316098213
0.04568281024694443
0.04808232560753822
0.017863571643829346
0.0794767215847969
0.04215973615646362
0.029012827202677727
0.039128515869379044
0.012038186192512512
0.02720039337873459
0.06743219494819641
0.03654104843735695
0.04276470094919205
0.06478661298751831
0.03869231045246124
0.021066047251224518
0.034362904727458954
0.04921617731451988
0.04436849430203438
0.014338073320686817
0.023380151018500328
0.052874669432640076
0.04850981384515762
0.06721469759941101
0.05363461747765541
0.0217178575694561
0.0252991896122694
0.011770247481763363
0.028222497552633286
0.08167534321546555
0.03293043375015259
0.02262440137565136
0.01483927108347416
0.047834284603595734
0.05287963151931763
0.032487377524375916
0.06069142743945122
0.043725188821554184
0.05459810420870781
0.030770963057875633
0.02296549826860428
0.02468448132276535
0.04589181765913963
0.032872382551431656
0.023933036252856255
0.01917393133044243
0.04177164286375046
0.042161811143159866
0.040845442563295364
0.04303552210330963
0.021423177793622017
0.021767383441329002
0.032077379524707794
0.04006157070398331
0.01261662133038044
0.025183791294693947
0.019935963675379753
0.04368102550506592
0.061044953763484955
0.046579889953136444
0.015030900947749615
0.01599506102502346
0.027004461735486984
0.03241274878382683
0.03926646709442139
0.0287643875926733
0.041286710649728775
0.028886213898658752
0.03486715257167816
0.009430098347365856
0.027970142662525177
0.013845345005393028
0.02748606726527214
0.03283359482884407
0.008782237768173218
0.013825969770550728
0.014332910999655724
0.02449595183134079
0.018921460956335068
0.016120653599500656
0.0317402221262455
0.0199977308511734
0.028864486142992973
0.03184356540441513
0.02171139046549797
0.016438433900475502
0.02387581765651703
0.010759697295725346
0.011858916841447353
0.024467097595334053
0.03684505447745323
0.010310783050954342
0.024613406509160995
0.013659918680787086
0.009855002164840698
0.0063101486302912235
0.01045677624642849
0.012344970367848873
0.009294543415307999
0.01787015050649643
0.012539810501039028
0.022019268944859505
0.016690660268068314
0.015662161633372307
0.014664821326732635
0.019938766956329346
0.019052011892199516
0.007363897282630205
0.005586402025073767
0.0034928058739751577
0.006283136550337076
0.005057079717516899
0.0030405977740883827
0.018536128103733063
0.006657908204942942
0.03193269670009613
0.015083798207342625
0.008639859966933727
0.009763804264366627
0.01955626904964447
0.011385713703930378
0.010419808328151703
0.012723838910460472
0.025209855288267136
0.015036781318485737
0.00509509677067399
0.009844441898167133
0.010687136091291904
0.0051565393805503845
0.0031884133350104094
0.021042359992861748
0.0117375822737813
0.018277423456311226
0.007493619341403246
0.03434285148978233
0.014918262138962746
0.04082578793168068
0.020200008526444435
0.023341530933976173
0.008081131614744663
0.012708479538559914
0.019868867471814156
0.020386988297104836
0.010163825005292892
0.03301239758729935
0.01435789093375206
0.0072547802701592445
0.008504844270646572
0.010642260313034058
0.009014981798827648
0.011325935833156109
0.021219616755843163
0.01188869122415781
0.018756980076432228
0.026991290971636772
0.004030691459774971
0.005978404078632593
0.009849616326391697
0.032051295042037964
0.013063700869679451
0.0064627123065292835
0.018341561779379845
0.011939670890569687
0.004726273473352194
0.017567353323101997
0.012423604726791382
0.02048460766673088
0.016697373241186142
0.005118312779814005
0.02291746251285076
0.0311543308198452
0.018828410655260086
0.009352209977805614
0.013115311972796917
0.006172465160489082
0.017267219722270966
0.02933771163225174
0.0188857764005661
0.01929616928100586
0.01782432198524475
0.009127798490226269
0.01231240015476942
0.009573287330567837
0.016582855954766273
0.024611754342913628
0.020157402381300926
0.019270986318588257
0.01539573073387146
0.008105110377073288
0.00770945381373167
0.014515357092022896
0.007968045771121979
0.010125724598765373
0.02201090194284916
0.02961053140461445
0.008381840772926807
0.014334723353385925
0.05802217498421669
0.0240121278911829
0.012596085667610168
0.008721617050468922
0.03754629194736481
0.01582689955830574
0.008147080428898335
0.012832450680434704
0.014913682825863361
0.009808876551687717
0.01200834196060896
0.011134392581880093
0.05384863540530205
0.03076225332915783
0.012352153658866882
0.03785821795463562
0.009934276342391968
0.0301730465143919
0.019400332123041153
0.04851294308900833
0.009837468154728413
0.02463279478251934
0.05120217427611351
0.012189729139208794
0.010565923526883125
0.01891656219959259
0.03889220952987671
0.007736604195088148
0.02835272066295147
0.06620083004236221
0.012845800258219242
0.03855060413479805
0.030077548697590828
0.024114392697811127
0.020357035100460052
0.013452377170324326
0.03146512433886528
0.014683899469673634
0.0322299599647522
0.018239252269268036
0.027717694640159607
0.024586308747529984
0.008116926066577435
0.04277157038450241
0.023098189383745193
0.022461965680122375
0.015076634474098682
0.011739050038158894
0.019841047003865242
0.03415420651435852
0.04564462602138519
0.017491839826107025
0.01654987223446369
0.019294485449790955
0.019027942791581154
0.020744258537888527
0.032218087464571
0.026628457009792328
0.01995158940553665
0.04619654640555382
0.01998990774154663
0.0267370343208313
0.008466202765703201
0.012014297768473625
0.021775156259536743
0.005894745700061321
0.018934477120637894
0.021807542070746422
0.05247192084789276
0.012736611068248749
0.02081351913511753
0.04454529285430908
0.00958406925201416
0.025177255272865295
0.025034388527274132
0.022629505023360252
0.014256561174988747
0.031069142743945122
0.011953000910580158
0.012459948658943176
0.010255052708089352
0.05790076404809952
0.021482467651367188
0.018927277997136116
0.036020614206790924
0.042242858558893204
0.013049800880253315
0.01995280012488365
0.0543663389980793
0.03201841190457344
0.015287810936570168
0.02912859618663788
0.024774828925728798
0.006780562456697226
0.026791807264089584
0.0222546998411417
0.028598524630069733
0.009240818209946156
0.025552300736308098
0.02642994187772274
0.018549950793385506
0.02271229587495327
0.022054210305213928
0.03658975288271904
0.013367396779358387
0.06386296451091766
0.01773318089544773
0.040383704006671906
0.024258675053715706
0.015286200679838657
0.04834919795393944
0.04493701830506325
0.00511513277888298
0.015474634245038033
0.01853923499584198
0.03367363288998604
0.006483844481408596
0.013180172070860863
0.029737090691924095
0.0428975485265255
0.0249300766736269
0.02907373756170273
0.002676251344382763
0.018559783697128296
0.02577802911400795
0.02811119146645069
0.030578842386603355
0.03635888174176216
0.043527401983737946
0.007901083678007126
0.017150310799479485
0.005753995385020971
0.025338178500533104
0.01714719645678997
0.0170670747756958
0.021724415943026543
0.015669697895646095
0.012174801900982857
0.021743299439549446
0.02285722829401493
0.016263091936707497
0.04965035617351532
0.009769718162715435
0.008466898463666439
0.031601570546627045
0.023434234783053398
0.04393656551837921
0.019560353830456734
0.026395291090011597
0.01111100148409605
0.03417219594120979
0.008134710602462292
0.008311276324093342
0.02992960624396801
0.02381867542862892
0.03412281349301338
0.01219724677503109
0.026989154517650604
0.012577692978084087
0.009608367457985878
0.008982617408037186
0.04123225808143616
0.03741691634058952
0.007122543640434742
0.00454514566808939
0.011827843263745308
0.023433027788996696
0.017010606825351715
0.01741728000342846
0.019127214327454567
0.01180855929851532
0.017627287656068802
0.01128894928842783
0.022869383916258812
0.007801042404025793
0.027124198153614998
0.006790300831198692
0.026647193357348442
0.02901117317378521
0.026320930570364
0.017905717715620995
0.03587893769145012
0.015789341181516647
0.02361946366727352
0.024373814463615417
0.035636309534311295
0.011199132539331913
0.01771821640431881
0.01719532534480095
0.026965510100126266
0.031819649040699005
0.02339562214910984
0.022943975403904915
0.017499441280961037
0.04153383523225784
0.03960181027650833
0.0049058981239795685
0.020413435995578766
0.03116767294704914
0.028336137533187866
0.05120847001671791
0.036182381212711334
0.021953251212835312
0.024241959676146507
0.033803828060626984
0.023850128054618835
0.015144611708819866
0.03177934139966965
0.036524590104818344
0.02841178886592388
0.03147321566939354
0.021513240411877632
0.039085522294044495
0.010164634324610233
0.028356393799185753
0.025713320821523666
0.013519451022148132
0.013808545656502247
0.0152808902785182
0.058850884437561035
0.010917219333350658
0.00931323878467083
0.009646198712289333
0.010075523518025875
0.01293467078357935
0.04875682666897774
0.01888170652091503
0.03265302628278732
0.027127087116241455
0.03502488508820534
0.008200992830097675
0.04595528915524483
0.011394072324037552
0.03129538521170616
0.04941853508353233
0.027951901778578758
0.04474440962076187
0.032601237297058105
0.010787970386445522
0.00826889555901289
0.02138087898492813
0.05327869579195976
0.01809266023337841
0.008092598989605904
0.059529583901166916
0.020481163635849953
0.017950983718037605
0.033829543739557266
0.020988082513213158
0.04166371747851372
0.016945533454418182
0.013890320435166359
0.04427947849035263
0.029268840327858925
0.033782683312892914
0.027823016047477722
0.01958584226667881
0.03245396912097931
0.035921741276979446
0.008697038516402245
0.037003982812166214
0.018270645290613174
0.0058544534258544445
0.050466105341911316
0.019606031477451324
0.038182079792022705
0.021831970661878586
0.0449925996363163
0.038033876568078995
0.031191425397992134
0.03321065753698349
0.02859475091099739
0.019309556111693382
0.045767441391944885
0.0422385036945343
0.02306695468723774
0.01624048687517643
0.06127254664897919
0.026559794321656227
0.02773556113243103
0.022075923159718513
0.03407588228583336
0.011997431516647339
0.02877935953438282
0.03350619599223137
0.04728087782859802
0.03920853137969971
0.020786190405488014
0.03793904930353165
0.007999013178050518
0.01187500637024641
0.027076879516243935
0.018374405801296234
0.017564168199896812
0.0394611582159996
0.018810555338859558
0.03897001966834068
0.028608685359358788
0.014902065508067608
0.04616627097129822
0.028470907360315323
0.013357688672840595
0.01481828186661005
0.011192812584340572
0.013812798075377941
0.034766219556331635
0.030298423022031784
0.02036675624549389
0.013775660656392574
0.012791606597602367
0.018568722531199455
0.020264683291316032
0.007887620478868484
0.010628778487443924
0.022454701364040375
0.006947122514247894
0.027998482808470726
0.012451136484742165
0.014535793103277683
0.02690274827182293
0.09757351875305176
0.017266638576984406
0.0186271071434021
0.01773153804242611
0.014311050996184349
0.01583419181406498
0.03617449477314949
0.0076329936273396015
0.016122834756970406
0.05192409083247185
0.017105167731642723
0.012787891551852226
0.02104276791214943
0.0048208944499492645
0.012658794410526752
0.005862790625542402
0.004530027508735657
0.023423684760928154
0.044121190905570984
0.02149227447807789
0.03295082226395607
0.03119194693863392
0.023156382143497467
0.01129597332328558
0.006288402713835239
0.006576429586857557
0.024714916944503784
0.010283371433615685
0.015017349272966385
0.006763231009244919
0.009502082131803036
0.005384800024330616
0.02770072966814041
0.012142788618803024
0.05791700258851051
0.002013816963881254
0.007480216212570667
0.034167345613241196
0.01490587554872036
0.007604350335896015
0.016438642516732216
0.008178289979696274
0.01165817305445671
0.02370508201420307
0.0041709523648023605
0.02685367316007614
0.010023320093750954
0.008518964983522892
0.012335939332842827
0.015900110825896263
0.025973213836550713
0.003764417255297303
0.030795319005846977
0.01085231639444828
0.009929973632097244
0.004231510683894157
0.007614368572831154
0.006928779184818268
0.0032711743842810392
0.03638692572712898
0.020749568939208984
0.00917572621256113
0.006705740466713905
0.033211346715688705
0.006961374077945948
0.023033028468489647
0.00575638934969902
0.004555569030344486
0.006448942236602306
0.005954667925834656
0.00970905739814043
0.010148853063583374
0.023013083264231682
0.0021190443076193333
0.013911177404224873
0.007930722087621689
0.014285328797996044
0.012416998855769634
0.0029864369425922632
0.00185468012932688
0.004964043851941824
0.02632729895412922
0.0027310019358992577
0.006361022125929594
0.0025133213493973017
0.013606764376163483
0.02289211004972458
0.012152193114161491
0.00207513221539557
0.002616254845634103
0.025212638080120087
0.018242966383695602
0.004937120247632265
0.030938660725951195
0.02596268802881241
0.01146013755351305
0.03929108753800392
0.009086882695555687
0.010498073883354664
0.0065659936517477036
0.016545575112104416
0.0045263515785336494
0.00155284209176898
0.0051118722185492516
0.0286991186439991
0.009682581759989262
0.014263715595006943
0.024514509364962578
0.00920475646853447
0.00242038257420063
0.007294551469385624
0.004563102498650551
0.007899709977209568
0.011900682933628559
0.012810804881155491
0.012034726329147816
0.04629536345601082
0.010613319464027882
0.008247548714280128
0.013302548788487911
0.008426690474152565
0.008081633597612381
0.006696049589663744
0.0146254301071167
0.018241506069898605
0.015356844291090965
0.01732838712632656
0.017949972301721573
0.004229544661939144
0.010819187387824059
0.012079818174242973
0.007426656316965818
0.012291595339775085
0.0013152804458513856
0.03044932335615158
0.014200136996805668
0.006422220263630152
0.020541753619909286
0.009937506169080734
0.007444038987159729
0.01831694506108761
0.023366449400782585
0.032862477004528046
0.004823034629225731
0.011632095091044903
0.007314312271773815
0.010103380307555199
0.015805749222636223
0.010908986441791058
0.00726636266335845
0.00752983195707202
0.022166365757584572
0.014619868248701096
0.013108150102198124
0.01593814045190811
0.017453474923968315
0.014454294927418232
0.019669977948069572
0.028452008962631226
0.003710126969963312
0.020754985511302948
0.014924767427146435
0.006686053238809109
0.022535426542162895
0.009616758674383163
0.017071528360247612
0.003573359688743949
0.011607580818235874
0.023074522614479065
0.013350864872336388
0.028925558552145958
0.010579121299088001
0.0206154715269804
0.008435666561126709
0.003592443885281682
0.014054772444069386
0.006041211076080799
0.017140837386250496
0.019622374325990677
0.014626169577240944
0.011381148360669613
0.004240061622112989
0.018691018223762512
0.013713072054088116
0.017714614048600197
0.008077120408415794
0.004954201169312
0.020369334146380424
0.002537079621106386
0.0026895480696111917
0.024482764303684235
0.021427074447274208
0.005609103012830019
0.003386375028640032
0.007112808059900999
0.009362965822219849
0.009374639950692654
0.018838277086615562
0.007131562102586031
0.03128727152943611
0.021031580865383148
0.008304127492010593
0.01682414300739765
0.05014294758439064
0.0319361537694931
0.015347477979958057
0.010983604937791824
0.009227665141224861
0.01901530846953392
0.023891055956482887
0.013642681762576103
0.0038177978713065386
0.010120369493961334
0.032373473048210144
0.016433726996183395
0.007337221875786781
0.004281423985958099
0.010630604811012745
0.012177504599094391
0.007649807725101709
0.007416455075144768
0.00794766005128622
0.007989528588950634
0.01646333374083042
0.029128866270184517
0.007826371118426323
0.01381770335137844
0.015237945131957531
0.03727593272924423
0.036465901881456375
0.013366392813622952
0.016328074038028717
0.02004554308950901
0.0041608912870287895
0.00671318219974637
0.015597394667565823
0.005854741204530001
0.0030794714111834764
0.0028398327995091677
0.009363839402794838
0.02328427881002426
0.014567508362233639
0.04189769923686981
0.011939981020987034
0.026760905981063843
0.005411790683865547
0.017468126490712166
0.022420130670070648
0.012559321708977222
0.017353562638163567
0.024514758959412575
0.018999872729182243
0.0015904223546385765
0.012258022092282772
0.014764106832444668
0.02311723865568638
0.011127420701086521
0.008361933752894402
0.033758487552404404
0.0021463059820234776
0.011323971673846245
0.013738051988184452
0.013278192840516567
0.010566715151071548
0.026515688747167587
0.012673449702560902
0.02801430970430374
0.03776417300105095
0.02642209827899933
0.03522197902202606
0.03700152412056923
0.01351987849920988
0.016514310613274574
0.01936309039592743
0.030363088473677635
0.018286297097802162
0.018910249695181847
0.012025535106658936
0.024559298530220985
0.058549996465444565
0.016918979585170746
0.019561149179935455
0.017178574576973915
0.014148726128041744
0.004016876220703125
0.040017664432525635
0.031526438891887665
0.04233749955892563
0.020515240728855133
0.019616225734353065
0.02470470406115055
0.016337662935256958
0.016487985849380493
0.04410800710320473
0.019146721810102463
0.006218199152499437
0.019461754709482193
0.01290055736899376
0.024355672299861908
0.0212356299161911
0.020810822024941444
0.020817667245864868
0.021370012313127518
0.004443925805389881
0.005533402785658836
0.007011718582361937
0.015248009003698826
0.02444315515458584
0.022110210731625557
0.06309650093317032
0.022425727918744087
0.02350691519677639
0.017421908676624298
0.0431448258459568
0.008321103639900684
0.005924781784415245
0.01481799129396677
0.04103698208928108
0.04051833972334862
0.02073347009718418
0.027153342962265015
0.043485116213560104
0.0046241674572229385
0.027350857853889465
0.02341468818485737
0.01564861461520195
0.01626756601035595
0.03685848414897919
0.02756495214998722
0.01896500028669834
0.01846783235669136
0.03043609857559204
0.0118741225451231
0.03261558711528778
0.02149771712720394
0.03126576170325279
0.0174576323479414
0.007458094973117113
0.016748201102018356
0.052503813058137894
0.03506244719028473
0.004607005510479212
0.01529454905539751
0.03735742345452309
0.03999050334095955
0.04978710040450096
0.009091188199818134
0.027456481009721756
0.034905508160591125
0.019053447991609573
0.015730813145637512
0.02428816445171833
0.015652263537049294
0.010893646627664566
0.01629713363945484
0.021512575447559357
0.009290452115237713
0.005635507870465517
0.014466668479144573
0.008360516279935837
0.017895199358463287
0.03809661418199539
0.018265247344970703
0.017010081559419632
0.03161914646625519
0.004457748495042324
0.014946076087653637
0.026492709293961525
0.016102183610200882
0.001069187419489026
0.024770462885499
0.011088676750659943
0.0045548370108008385
0.014174464158713818
0.009088417515158653
0.009044317528605461
